-1.309218e-06
-3.068270e-08
5.093911e-01
-2.580508e-03
-2.219377e-04
7.902515e-03
-6.609363e-01
-1.934097e-03
4.180472e-01
-4.734260e-03
-5.166887e-02
-2.410532e-03
6.462032e-02
3.211086e-03
-1.216377e-01
-1.979220e-03
-1.970897e-01
-5.281765e-03
8.006601e-01
1.043104e-03
5.250504e-02
1.326855e-02
-2.364929e-01
7.734315e-03
-4.436089e-01
3.495344e-03
-4.574657e-01
-8.142885e-03
3.030188e-01
-1.134962e-02
6.805941e-01
3.362593e-03
-1.228886e-01
7.843355e-03
-7.630831e-01
-4.466510e-03
6.833357e-01
-1.075455e-03
-2.009344e-01
3.369323e-04
9.292870e-02
3.160621e-03
-5.035424e-01
-4.939309e-03
6.039707e-01
-4.290538e-03
-3.728085e-01
4.634895e-03
1.516250e-01
-6.415353e-03
5.061349e-01
6.757621e-03
-6.209206e-01
3.280813e-03
-9.280086e-02
-3.378195e-03
4.192141e-02
-7.386988e-03
8.405150e-02
4.469276e-05
1.112795e-01
-5.116487e-03
8.533795e-01
1.014134e-02
-7.210104e-01
1.480492e-02
-1.621234e+00
-1.907959e-02
1.546373e+00
-1.887360e-02
1.312519e+00
2.055194e-02
-2.010795e+00
8.381087e-03
1.599227e-02
-1.997902e-02
7.248371e-01
-2.494397e-03
1.029306e-01
1.549282e-03
1.011292e-02
2.882216e-03
2.298460e-01
7.958158e-03
-7.640801e-01
-1.783965e-03
2.408944e-01
-6.128437e-03
2.772734e-01
1.037551e-03
3.216464e-01
3.514207e-03
-8.666660e-01
3.207129e-03
7.819640e-01
-6.103227e-03
-3.355755e-01
1.349442e-02
3.335925e-02
-8.127319e-03
5.933191e-06
-3.577830e-07
4.304387e-06
1.021517e-08
1.555723e-05
2.041829e-08
3.415874e-05
3.019600e-08
5.986817e-05
3.964045e-08
9.238970e-05
4.888764e-08
1.317599e-04
5.818158e-08
1.776994e-04
6.677793e-08
2.299086e-04
7.528429e-08
2.883444e-04
8.363107e-08
3.528074e-04
9.180958e-08
4.231447e-04
9.957945e-08
4.991296e-04
1.071698e-07
5.805560e-04
1.143604e-07
6.672355e-04
1.214322e-07
7.590844e-04
1.284264e-07
8.558719e-04
1.349510e-07
9.573852e-04
1.413210e-07
1.063621e-03
1.475997e-07
1.174205e-03
1.533478e-07
1.289048e-03
1.590889e-07
1.407911e-03
1.643565e-07
1.530649e-03
1.695328e-07
1.657137e-03
1.746685e-07
1.787168e-03
1.790735e-07
1.920449e-03
1.835590e-07
2.056861e-03
1.876766e-07
2.196266e-03
1.915717e-07
2.338373e-03
1.950892e-07
2.483100e-03
1.986745e-07
2.630236e-03
2.016628e-07
2.779614e-03
2.047504e-07
2.931082e-03
2.074540e-07
3.084350e-03
2.096422e-07
3.239378e-03
2.119760e-07
3.396006e-03
2.141816e-07
3.553963e-03
2.158241e-07
3.713172e-03
2.172500e-07
3.873487e-03
2.189059e-07
4.034784e-03
2.199891e-07
4.196860e-03
2.210388e-07
4.359666e-03
2.219187e-07
4.522950e-03
2.224559e-07
4.686713e-03
2.230760e-07
4.850842e-03
2.234974e-07
5.015163e-03
2.236318e-07
5.179653e-03
2.240383e-07
5.344331e-03
2.239274e-07
5.508955e-03
2.240535e-07
2.812049e-03
-9.536880e-06
